orientation:
  w: -0.733654048665359
  x: 0.0
  y: 0.0
  z: 0.6795231687565384
position:
  x: 6.294905750606852
  y: -0.8333162998125747
  z: -0.14999999999999997
