orientation:
  w: -0.7024061234334167
  x: 0.0
  y: 0.0
  z: 0.7117763959019995
position:
  x: 4.796654248248453
  y: -19.70702730846088
  z: -0.15
