initial_pose_a: -1.868198030369801
initial_pose_x: 3.244622325700448
initial_pose_y: -21.288226573587636
