initial_pose_a: -2.4589948416913106
initial_pose_x: 0.006561451309583077
initial_pose_y: -16.280381412257398
