orientation:
  w: 0.39536726168057973
  x: 0.0
  y: 0.0
  z: 0.9185231234929255
position:
  x: 11.517305830144762
  y: 4.929116179953643
  z: 0.0
