orientation:
  w: 0.01594559930831889
  x: 0.0
  y: 0.0
  z: -0.9998728608491675
position:
  x: 12.407516670908645
  y: 19.106336677357966
  z: 0.0
