goal1:
  orientation:
    w: 0.9966740177898193
    x: 0.0
    y: 0.0
    z: -0.08149173125353597
  position:
    x: 8.487581422917549
    y: 24.14577375661444
    z: 0.0
mission_name: 1_goal_mission
number_of_goals: 1
