zone1:
  point1:
    x: 12.871049165712307
    y: 27.925611349154053
    z: 0.0
  point2:
    x: 13.769661993535951
    y: 20.599203537687696
    z: 0.0
  point3:
    x: 29.53282868160906
    y: 15.651499561113013
    z: 0.0
  point4:
    x: 28.072582836395636
    y: 28.06833357924755
    z: 0.0
  point_number: 4
  zone_id: 1
  zone_type: 1
zone_number: 1
